477.979 235.178
493.015 247.316
481.516 257.724
487.407 270.985
483.651 271.474
491.835 289.184
518.819 290.524
476.479 295.378
490.445 303.235
476.439 304.043
519.958 306.139
482.882 309.606
487.078 342.67
487.078 342.67
480.591 344.727
526.575 417.803
509.432 419.724
520.962 426.765
392.181 429.577
442.459 433.455
442.459 433.455
393.356 438.205
449.214 441.572
522.988 443.33
392.669 450.896
404.741 467.776
385.707 470.916
475.98 474.218
380.966 477.23
365.389 480.409
377.716 483.055
476.719 483.101
501.712 489.466
391.043 516.534
464.551 521.741
373.018 555.668
404.244 194.158
471.629 241.727
471.629 241.727
486.129 250.658
486.129 250.658
489.707 251.493
482.788 252.155
490.619 269.49
489.754 281.985
484.84 301.704
520.878 303.538
520.878 303.538
519.429 309.919
519.429 309.919
489.376 312.367
476.858 314.132
485.355 314.318
480.288 315.025
519.001 315.838
519.001 315.838
485.446 319.702
479.738 320.481
488.624 321.867
488.624 321.867
476.306 323.219
518.327 326.861
475.488 328.663
484.688 329.701
487.507 332.951
487.507 332.951
475.609 334.641
513.175 346.186
516.779 348.554
516.779 348.554
477.947 373.222
506.744 380.778
518.695 397.974
524.953 414.831
450.91 417.666
529.158 420.198
547.668 427.119
448.32 430.148
389.578 432.062
401.058 438.676
401.058 438.676
442.921 439.129
459.411 439.269
387.001 455.143
396.888 455.201
406.635 461.983
391.21 478.192
384 478.771
400.707 480.333
400.707 480.333
507.736 480.075
498.877 495.356
433.98 497.338
406.141 509.977
406.141 509.977
418.148 511.232
418.148 511.232
460.812 511.004
467.181 513.269
413.479 515.512
413.479 515.512
406.015 517.582
416.93 517.405
538.038 523.579
538.038 523.579
444.63 554.537
388.273 566.086
433.975 154.704
423.964 155.791
382.042 190.68
378.27 192.439
386.105 194.018
485.941 254.683
491.696 256.917
491.504 261.43
473.625 291.875
473.148 297.902
514.531 302.129
487.089 306.908
515.119 309.509
484.437 346.23
524.998 394.161
524.998 394.161
517.163 404.926
458.21 428.417
389.369 435.898
472.046 435.403
444.855 442.749
444.855 442.749
390.461 458.61
470.179 461.012
410.131 464.446
471.971 464.994
471.971 464.994
399.83 467.78
504.565 468.721
321.817 472.051
461.83 471.072
405.134 475.371
407.564 478.673
511.501 477.635
483.603 478.919
483.603 478.919
462.176 481.964
462.176 481.964
466.053 484.899
503.779 484.373
503.779 484.373
475.27 486.499
462.667 492.855
462.667 492.855
427.092 510.678
433.549 514.915
469.14 516.939
469.14 516.939
388.629 519.784
451.111 550.365
451.111 550.365
422.333 556.337
409.151 558.166
383.344 561.353
420.153 564.447
391.226 569.115
380.407 570.819
528.866 584.569
441.858 121.924
386.105 194.018
486.797 264.113
485.756 285.798
474.837 369.532
536.005 414.159
461.714 459.46
370.171 472.523
411.126 475.464
411.126 475.464
463.773 476.211
516.855 475.058
516.855 475.058
402.688 485.301
444.381 498.963
444.381 498.963
493.938 498.706
412.735 500.517
438.85 503.414
318.05 506.419
409.239 505.397
409.239 505.397
423.049 516.13
439.066 516.413
468.794 522.094
361.601 537.559
417.997 553.488
528.805 590.531
432.175 131.839
477.182 349.787
447.933 416.94
503.972 421.634
337.459 429.375
463.14 444.81
471.017 477.428
309.252 483.487
430.26 522.913
430.26 522.913
367.088 556.949
367.088 556.949
367.088 556.949
466.219 130.186
515.033 294.752
552.893 436.515
469.761 438.995
398.363 448.703
388.235 463.177
446.683 506.231
466.432 508.073
446.547 522.353
461.005 532.321
446.791 129.912
521.069 401.114
399.295 460.559
397.232 471.278
304.921 474.669
304.921 474.669
471.648 494.239
504.061 504.02
413.36 510.131
413.36 510.131
398.993 515.413
344.285 563.168
368.276 568.754
296.934 119.894
412.374 125.747
485.536 296.567
500.299 303.856
481.762 336.912
479.771 361.351
552.893 436.515
412.282 528.634
344.549 529.676
430.829 557.127
573.979 139.846
500.299 303.856
398.741 562.881
344.158 465.705
548.581 393.222
376.722 451.242
379.137 500.792
281.746 519.111
360.282 172.218
386.822 545.705
450.878 252.282
