-0.0233371 -0.0639363
-0.0194066 -0.0602188
-0.0226547 -0.0572365
-0.0213462 -0.0531529
-0.0223238 -0.0530168
-0.0204228 -0.0476542
-0.0128866 -0.0468721
-0.0247398 -0.0458318
-0.0210643 -0.0433926
-0.0249433 -0.043205
-0.0130141 -0.0423398
-0.0232051 -0.0416199
-0.0226146 -0.0315493
-0.0226146 -0.0315493
-0.024463 -0.030967
-0.0130157 -0.0087212
-0.0175965 -0.00796864
-0.0146547 -0.00604987
-0.050291 -0.00568318
-0.0363701 -0.004428
-0.0363701 -0.004428
-0.0500569 -0.00326335
-0.0346776 -0.00191726
-0.0143612 -0.00110206
-0.0505461 0.000580836
-0.0474328 0.00574308
-0.0527509 0.00667575
-0.0277783 0.00810795
-0.0543235 0.00847122
-0.0590247 0.0093637
-0.0552794 0.0101367
-0.027737 0.0106541
-0.0210087 0.0126788
-0.0520347 0.0203578
-0.0317502 0.0222913
-0.0578308 0.032118
-0.0436196 -0.0767418
-0.0252464 -0.0619785
-0.0252464 -0.0619785
-0.0213531 -0.0593125
-0.0213531 -0.0593125
-0.0203568 -0.0589662
-0.0223632 -0.0587754
-0.0204359 -0.0536063
-0.0208831 -0.0497444
-0.0225498 -0.0438618
-0.0126629 -0.0431299
-0.0126629 -0.0431299
-0.013122 -0.0411959
-0.013122 -0.0411959
-0.0214857 -0.0406781
-0.0249592 -0.0402859
-0.0225506 -0.0400989
-0.0239813 -0.0398904
-0.0133341 -0.0394369
-0.0133341 -0.0394369
-0.022674 -0.0384392
-0.0242835 -0.0382453
-0.0218624 -0.0376939
-0.0218624 -0.0376939
-0.0252747 -0.0373527
-0.0137111 -0.0361176
-0.0255461 -0.0358638
-0.023072 -0.0354316
-0.0223506 -0.0344099
-0.0223506 -0.0344099
-0.0256709 -0.0340421
-0.0153138 -0.0305212
-0.0145114 -0.0295422
-0.0145114 -0.0295422
-0.02563 -0.0223588
-0.017756 -0.0199777
-0.0147998 -0.0147342
-0.0133156 -0.00968423
-0.0337363 -0.00916696
-0.0123288 -0.00785822
-0.00740854 -0.00588739
-0.0346465 -0.00532793
-0.05111 -0.00506232
-0.0478756 -0.00301516
-0.0478756 -0.00301516
-0.0363365 -0.00271965
-0.0317321 -0.00250458
-0.0521137 0.0018428
-0.0492937 0.002018
-0.0468816 0.00415897
-0.0513093 0.00879787
-0.0534372 0.0089245
-0.0487843 0.00947387
-0.0487843 0.00947387
-0.0191212 0.00988604
-0.0218636 0.0144878
-0.039786 0.0147688
-0.0476713 0.0185176
-0.0476713 0.0185176
-0.0444069 0.0188952
-0.0444069 0.0188952
-0.0326096 0.0190854
-0.0309085 0.0197713
-0.0457164 0.0201162
-0.0457164 0.0201162
-0.0478547 0.0207119
-0.0448002 0.0206752
-0.0116947 0.0232675
-0.0116947 0.0232675
-0.0378962 0.0320276
-0.0534777 0.0352424
-0.0340016 -0.088323
-0.0370123 -0.0880893
-0.0497169 -0.0778297
-0.0508856 -0.0773441
-0.0483855 -0.0768009
-0.0214904 -0.0580034
-0.0198848 -0.0572903
-0.0200398 -0.0559388
-0.0254354 -0.0468975
-0.025668 -0.0451785
-0.0143965 -0.043587
-0.0220368 -0.0423314
-0.0143065 -0.0413394
-0.0233837 -0.0304749
-0.0130006 -0.0158532
-0.0130006 -0.0158532
-0.0153249 -0.0126379
-0.0318612 -0.00592382
-0.0512414 -0.00392089
-0.0282064 -0.00372028
-0.0358207 -0.00165698
-0.0358207 -0.00165698
-0.0511319 0.00286501
-0.029108 0.00397631
-0.04588 0.00479443
-0.0287042 0.00519169
-0.0287042 0.00519169
-0.048604 0.00550875
-0.019855 0.00640617
-0.0733269 0.00658616
-0.0316604 0.0069972
-0.0473782 0.00801252
-0.0466954 0.00919862
-0.0180952 0.009194
-0.0256624 0.00947107
-0.0256624 0.00947107
-0.0317889 0.0103562
-0.0317889 0.0103562
-0.0307172 0.0111815
-0.0203214 0.0111826
-0.0203214 0.0111826
-0.0281186 0.0117947
-0.0317507 0.0135446
-0.0317507 0.0135446
-0.0418774 0.0187734
-0.0402191 0.0202079
-0.0302547 0.020777
-0.0302547 0.020777
-0.0527006 0.0213449
-0.0359752 0.0308618
-0.0359752 0.0308618
-0.0439764 0.0325214
-0.0476625 0.0329844
-0.0548821 0.0338874
-0.0446882 0.0349238
-0.0531701 0.0364568
-0.055772 0.036708
-0.0234177 0.0411321
-0.0360322 -0.0982942
-0.0482595 -0.0767191
-0.0213984 -0.0551538
-0.0220691 -0.0486788
-0.0263402 -0.0235233
-0.0104154 -0.00970972
-0.0315707 0.00344059
-0.0574757 0.00699359
-0.0456783 0.00811546
-0.0456783 0.00811546
-0.0311886 0.00853639
-0.0165499 0.00843989
-0.0165499 0.00843989
-0.0482727 0.0109679
-0.036861 0.0152768
-0.036861 0.0152768
-0.0232241 0.0153679
-0.0456962 0.0155863
-0.0385049 0.0166072
-0.0751634 0.0169595
-0.0467346 0.0170828
-0.0467346 0.0170828
-0.0431066 0.0202676
-0.0385878 0.0204942
-0.0305466 0.0223647
-0.0609664 0.0266035
-0.0451313 0.0316425
-0.0229317 0.043107
-0.0378403 -0.0953968
-0.0253261 -0.0294607
-0.0344657 -0.00937665
-0.0192022 -0.00766027
-0.0673653 -0.0060827
-0.0310335 -0.00085306
-0.0291631 0.00897936
-0.0777976 0.00998113
-0.0411683 0.0224317
-0.0411683 0.0224317
-0.0595744 0.0324819
-0.0595744 0.0324819
-0.0595744 0.0324819
-0.0278603 -0.0955197
-0.0140608 -0.0457482
-0.00542953 -0.00572565
-0.02898 -0.00254247
-0.0487452 -2.22144e-06
-0.0519056 0.00415795
-0.0362802 0.017618
-0.0310119 0.0181293
-0.0368177 0.0223677
-0.0328106 0.0254319
-0.0336246 -0.095625
-0.0141484 -0.0136931
-0.0487419 0.00357247
-0.0496826 0.00677025
-0.0792038 0.00728744
-0.0792038 0.00728744
-0.029169 0.0139535
-0.0205381 0.0171318
-0.0456901 0.018537
-0.0456901 0.018537
-0.0497787 0.0200916
-0.0663247 0.0344056
-0.0593447 0.0360177
-0.0780171 -0.0999718
-0.0442336 -0.0975089
-0.0223157 -0.0453732
-0.0181766 -0.0439199
-0.0239912 -0.0332792
-0.0249102 -0.0260054
-0.00640097 -0.00273276
-0.0461969 0.0238735
-0.0670564 0.0242667
-0.0416485 0.0329
0.00361027 -0.0916589
-0.0183766 -0.0429345
-0.0505959 0.0344291
-0.0661086 0.00495991
-0.00677983 -0.0154391
-0.0551733 0.000783895
-0.0552602 0.0155541
-0.0882215 0.0199758
-0.0561418 -0.0833951
-0.0538615 0.0290227
-0.0321335 -0.0590714
