-115.638 -148.535 1059.67
-115.636 -148.534 1059.67
-115.637 -148.533 1059.67
-115.637 -148.531 1059.67
-115.637 -148.531 1059.67
-115.636 -148.529 1059.66
-115.634 -148.529 1059.66
-115.638 -148.529 1059.67
-115.636 -148.528 1059.66
-115.638 -148.528 1059.67
-115.634 -148.527 1059.66
-115.637 -148.527 1059.66
-115.637 -148.524 1059.66
-115.637 -148.524 1059.66
-115.637 -148.524 1059.66
-115.633 -148.516 1059.66
-115.635 -148.516 1059.66
-115.633 -148.515 1059.66
-115.646 -148.516 1059.66
-115.641 -148.515 1059.66
-115.641 -148.515 1059.66
-115.646 -148.515 1059.66
-115.64 -148.514 1059.66
-115.633 -148.513 1059.65
-115.646 -148.514 1059.66
-115.645 -148.512 1059.66
-115.646 -148.512 1059.66
-115.638 -148.51 1059.66
-115.647 -148.511 1059.66
-115.648 -148.511 1059.66
-115.647 -148.511 1059.66
-115.638 -148.51 1059.66
-115.635 -148.509 1059.65
-115.646 -148.507 1059.66
-115.639 -148.506 1059.65
-115.648 -148.503 1059.66
-115.645 -148.54 1059.67
-115.638 -148.534 1059.67
-115.638 -148.534 1059.67
-115.637 -148.533 1059.67
-115.637 -148.533 1059.67
-115.637 -148.533 1059.67
-115.637 -148.533 1059.67
-115.636 -148.531 1059.67
-115.637 -148.53 1059.67
-115.637 -148.528 1059.66
-115.634 -148.528 1059.66
-115.634 -148.528 1059.66
-115.634 -148.527 1059.66
-115.634 -148.527 1059.66
-115.637 -148.527 1059.66
-115.638 -148.527 1059.66
-115.637 -148.527 1059.66
-115.637 -148.527 1059.66
-115.634 -148.526 1059.66
-115.634 -148.526 1059.66
-115.637 -148.526 1059.66
-115.637 -148.526 1059.66
-115.637 -148.526 1059.66
-115.637 -148.526 1059.66
-115.638 -148.526 1059.66
-115.634 -148.525 1059.66
-115.638 -148.526 1059.66
-115.637 -148.525 1059.66
-115.637 -148.525 1059.66
-115.637 -148.525 1059.66
-115.638 -148.525 1059.66
-115.634 -148.523 1059.66
-115.634 -148.523 1059.66
-115.634 -148.523 1059.66
-115.638 -148.521 1059.66
-115.635 -148.52 1059.66
-115.634 -148.518 1059.66
-115.633 -148.516 1059.66
-115.64 -148.517 1059.66
-115.633 -148.515 1059.66
-115.631 -148.514 1059.65
-115.64 -148.515 1059.66
-115.646 -148.516 1059.66
-115.645 -148.515 1059.66
-115.645 -148.515 1059.66
-115.641 -148.514 1059.66
-115.639 -148.514 1059.66
-115.646 -148.513 1059.66
-115.645 -148.513 1059.66
-115.644 -148.512 1059.66
-115.646 -148.511 1059.66
-115.647 -148.511 1059.66
-115.645 -148.511 1059.66
-115.645 -148.511 1059.66
-115.635 -148.51 1059.65
-115.636 -148.508 1059.65
-115.642 -148.509 1059.66
-115.644 -148.508 1059.66
-115.644 -148.508 1059.66
-115.643 -148.507 1059.66
-115.643 -148.507 1059.66
-115.639 -148.507 1059.66
-115.639 -148.507 1059.65
-115.644 -148.507 1059.66
-115.644 -148.507 1059.66
-115.644 -148.507 1059.66
-115.643 -148.507 1059.66
-115.632 -148.505 1059.65
-115.632 -148.505 1059.65
-115.641 -148.502 1059.65
-115.646 -148.502 1059.66
-115.642 -148.544 1059.68
-115.643 -148.544 1059.68
-115.647 -148.541 1059.68
-115.647 -148.54 1059.68
-115.647 -148.54 1059.68
-115.637 -148.533 1059.67
-115.636 -148.533 1059.67
-115.636 -148.532 1059.67
-115.638 -148.529 1059.67
-115.638 -148.529 1059.67
-115.634 -148.528 1059.66
-115.637 -148.528 1059.66
-115.634 -148.527 1059.66
-115.637 -148.524 1059.66
-115.633 -148.518 1059.66
-115.633 -148.518 1059.66
-115.634 -148.517 1059.66
-115.64 -148.515 1059.66
-115.646 -148.515 1059.66
-115.638 -148.515 1059.66
-115.641 -148.514 1059.66
-115.641 -148.514 1059.66
-115.646 -148.513 1059.66
-115.638 -148.512 1059.66
-115.644 -148.512 1059.66
-115.638 -148.511 1059.66
-115.638 -148.511 1059.66
-115.645 -148.512 1059.66
-115.635 -148.511 1059.65
-115.653 -148.511 1059.66
-115.639 -148.511 1059.66
-115.645 -148.511 1059.66
-115.644 -148.511 1059.66
-115.634 -148.51 1059.65
-115.637 -148.51 1059.66
-115.637 -148.51 1059.66
-115.639 -148.51 1059.66
-115.639 -148.51 1059.66
-115.639 -148.509 1059.66
-115.635 -148.509 1059.65
-115.635 -148.509 1059.65
-115.638 -148.509 1059.66
-115.639 -148.509 1059.66
-115.639 -148.509 1059.66
-115.642 -148.507 1059.66
-115.642 -148.507 1059.66
-115.638 -148.506 1059.66
-115.638 -148.506 1059.66
-115.646 -148.507 1059.66
-115.64 -148.503 1059.65
-115.64 -148.503 1059.65
-115.643 -148.503 1059.66
-115.644 -148.503 1059.66
-115.647 -148.502 1059.66
-115.643 -148.502 1059.66
-115.646 -148.501 1059.66
-115.647 -148.502 1059.66
-115.632 -148.495 1059.62
-115.641 -148.545 1059.66
-115.647 -148.54 1059.68
-115.637 -148.532 1059.67
-115.637 -148.53 1059.67
-115.638 -148.521 1059.66
-115.632 -148.516 1059.65
-115.639 -148.512 1059.66
-115.648 -148.512 1059.66
-115.644 -148.511 1059.66
-115.644 -148.511 1059.66
-115.639 -148.51 1059.66
-115.634 -148.51 1059.65
-115.634 -148.51 1059.65
-115.645 -148.51 1059.66
-115.641 -148.508 1059.66
-115.641 -148.508 1059.66
-115.636 -148.508 1059.65
-115.644 -148.508 1059.66
-115.641 -148.508 1059.66
-115.653 -148.507 1059.66
-115.644 -148.508 1059.66
-115.644 -148.508 1059.66
-115.643 -148.507 1059.66
-115.641 -148.507 1059.66
-115.638 -148.506 1059.65
-115.649 -148.505 1059.66
-115.643 -148.503 1059.66
-115.632 -148.494 1059.62
-115.642 -148.545 1059.67
-115.638 -148.523 1059.66
-115.641 -148.517 1059.66
-115.635 -148.516 1059.66
-115.651 -148.516 1059.66
-115.639 -148.514 1059.66
-115.638 -148.51 1059.66
-115.654 -148.51 1059.66
-115.642 -148.506 1059.66
-115.642 -148.506 1059.66
-115.648 -148.503 1059.66
-115.648 -148.503 1059.66
-115.648 -148.503 1059.66
-115.639 -148.545 1059.67
-115.634 -148.529 1059.66
-115.63 -148.514 1059.65
-115.638 -148.514 1059.66
-115.645 -148.514 1059.66
-115.646 -148.513 1059.66
-115.641 -148.508 1059.66
-115.639 -148.507 1059.66
-115.641 -148.506 1059.66
-115.639 -148.505 1059.65
-115.641 -148.545 1059.67
-115.633 -148.518 1059.66
-115.645 -148.513 1059.66
-115.645 -148.512 1059.66
-115.654 -148.51 1059.66
-115.654 -148.51 1059.66
-115.638 -148.509 1059.66
-115.635 -148.507 1059.65
-115.644 -148.507 1059.66
-115.644 -148.507 1059.66
-115.645 -148.507 1059.66
-115.65 -148.502 1059.66
-115.648 -148.502 1059.66
-115.655 -148.546 1059.67
-115.644 -148.545 1059.66
-115.637 -148.529 1059.66
-115.636 -148.528 1059.66
-115.637 -148.525 1059.66
-115.637 -148.522 1059.66
-115.63 -148.513 1059.65
-115.644 -148.506 1059.66
-115.65 -148.505 1059.66
-115.642 -148.502 1059.66
-115.628 -148.543 1059.66
-115.636 -148.528 1059.66
-115.645 -148.502 1059.66
-115.65 -148.512 1059.66
-115.631 -148.518 1059.65
-115.647 -148.514 1059.66
-115.647 -148.509 1059.66
-115.656 -148.505 1059.65
-115.649 -148.542 1059.68
-115.646 -148.504 1059.66
-115.64 -148.533 1059.67
